43
143
82
96
47
154
115
105
197
144
88
63
279
45
129
91
66
439
82
365
135
75
253
164
63
188
152
137
169
63
316
228
141
381
84
159
81
548
100
511
163
172
121
544
74
99
170
160
92
447
94
169
110
366
212
764
193
128
228
355
264
237
104
260
193
137
603
124
109
133
219
241
223
212
103
267
127
848
97
488
128
289
136
223
285
117
112
104
308
239
136
658
125
160
137
337
236
953
133
311
159
117
171
355
362
76
310
474
598
189
172
160
660
296
441
378
661
366
197
166
468
268
215
198
105
510
493
128
304
740
268
217
117
271
512
153
313
249
583
622
138
529
345
383
150
193
537
390
240
312
286
199
128
533
378
470
304
487
743
123
329
670
238
756
934
387
177
318
353
1153
321
392
298
292
642